 - - - - - - MAKING ISING INTERFACE AND USING OUTER THREADS : 64 - - - - - - 
------------------------------CHOSEN OPTIONS:
DIR = ./results/disorder/PBC/
model = disordered
BC = PBC
L  = 15
Ls = 1
Ln = 8
J  = 1.00000000
h  = 0.80000000
hs = 0.10000000
hn = 1
g  = 0.70000000
gs = 0.10000000
gn = 1
thread_num = 64
site = 1
operator = SigmaZ_j=1
bucket size = 5
J0  = 0.00000000
w   = 0.01000000
ws  = 0.00000000
wn  = 1
g0  = 0.00000000
g0s = 0.00000000
g0n = 1
realisations = 1
